28.04.2024
1d
AAPL|1|True
0.18158570986156297,169.4815887648926|1.1996356595280377,170.49963873291017|0.6911711141272137,169.9911741783439,14.834404242087288,0.06031555318666147|a|0.014654756989915436,169.3146578090119,4.219932308921585,0.0014289507558463985|
||||-0.030873802262621066,169.26912924893867,10.584386618735607,-0.00289432656019321|
||||-0.8849066256359399,168.41509641017078,21.42603231567844,-0.07723274188939451|
MSFT|5|True
6.624327615349446,407.6448728711703|12.012589563272604,408.72252528018043|0.7319955120601839,406.46640642926974,6.175774707415712,0.011121803174427269|a|-2.5810621623505634,405.8037948824435,8.960776315150156,-0.25240683121599283|
||||1.3129657831011379,406.5826004855724,17.425606703669587,0.1256693760332894|
||||-0.6961162146534475,406.18078407877846,39.82098681874669,-0.06278706557925082|
