29.04.2024
1m
AAPL|1|True
0.1545756297155817,169.44984361621573|1.237544996672013,170.49963873291017|0.7130125719755912,169.99117414028578,14.83440417350593,0.062221563719232306|a|0.015117855424728766,169.31465780680816,4.219932346056851,0.0014741063905694325|
0.831090622222526,170.10563514381943|3.0900696364809055,172.29541558474585|3.263432903722395,172.46346827110742,14.519249802637603,0.27473990879511023|a|-0.033669851314438844,169.267364598106,10.097395104588003,-0.0031661325969687157|
20.08908571355593,188.7737063017552|22.3499978955775,190.96536069234213|6.7249922318427995,175.81899077219316,0.04828047795012935,0.0018467051695511636|a|-0.9065150928669831,168.4212569424601,21.745015388390982,-0.07894741385239351|
TSLA|1|False
0.5367951940461371,167.82866523178672|1.8126321703232164,166.7321960449219|-0.6668200358648769,168.86306620697215,41.68554236147341,-0.1646112171056672|a|2.521298607154837,166.12315983872998,11.476632019312973,0.2347114487654503|
-4.832974266293098,172.4435077730418|-23.86772932796433,188.80219841512042|-8.367673005313405,175.48126912049472,65.23371603282516,-3.110613499776656|a|0.5569244703754348,167.8113658967938,32.33831397077665,0.04496015945692412|
-69.9707443041471,228.42366752354795|-40.10739353089442,202.75875535353404|-31.49623946782025,195.35822905662562,42.57574956971078,-6.8641900085041545|a|-16.481909821206372,182.454738935982,62.827999752170996,-1.080639033510854|
ACDC|3|True
-0.2845517453689146,8.134100249274464|-0.009918437552235508,8.226656842133355|-0.3255763598870817,8.12027418216943,0.13413859523759797,-0.005378187309699458|a|0.004241496843678088,8.231429006490295,0.5362395907842252,0.0003965182909612307|
0.5194181559164148,8.405053235333025|-0.005790956022383039,8.228047881080991|0.6320941807498042,8.443027176070117,1.6943321388359625,0.1268475705314592|a|-0.013723488787460467,8.22537446826259,1.3930957637994554,-0.0011399201404785385|
-3.3925497115188534,7.086646447526494|-0.18906331037523677,8.16628164879481|-2.814860030030521,7.281338741310426,7.438063122303484,-2.875447404339279|a|1.3343581831208031,8.679703360265137,5.811205338022018,0.04409832514286553|
