15.05.2024
1m
AAL|5|True
-0.4627604482320619,15.097447493293597|-0.40026162445207886,15.109999923706056|-0.2622632120414162,15.137581447740418,0.6007280969423228,-0.010407797362579218|a|-0.035094415343917024,15.182985315194513,0.7230925213818491,-0.003342303723541955|
3.1381034207947542,15.817620247204522|-5.82428519978068,14.0251425726058|1.4915124109977451,15.488302054342382,0.5406354680705512,0.05206280892660701|a|0.0322123198829449,15.19644204418192,1.4740659582535915,0.0029087701367783735|
-11.046689338765683,12.980661773662098|-7.646736940950277,13.660652234440757|-9.886752572522308,13.21264912050223,2.3126424933428886,-1.7305026351530859|a|-2.5881857250995823,14.67236244966287,2.6284000253518407,-0.21245393662527612|
TSLA|15|False
31.955044460100684,175.4285087666381|37.76930101656177,175.0425004770188|35.6912381822884,175.18046299597367,30.42958636695164,6.199718828442354|a|-0.4329770138161176,177.5787483805758,11.898103738937436,-0.04039667551340431|
90.71599370904163,171.47386567440623|92.14229086881916,171.37833260323103|87.40818545777833,171.69542194613794,65.91202309334068,33.55506089293071|a|13.202781172127695,176.6656836623648,32.066695048961094,1.0806336379522088|
-575.0049367330092,216.06370769628836|-519.5195067558752,212.34730575658403|10.285475330740224,176.8610841682654,59.992107186270516,3.4888813523072764|a|-175.93194778373282,189.33388635713862,62.098515867309686,-11.822905549530802|
ACAD|1|True
0.2187283557930852,15.073554406479534|0.5428398705698335,15.389999675750731|-0.03717228077221505,14.823706615973368,9.064733301494599,-0.02273094173661771|a|0.004002879201469459,14.863907855334247,1.873690496421144,0.0003498290718338922|
0.699909270581035,15.543353895871688|0.7753264793421168,15.616987253052846|0.728976986070573,15.57173406947188,10.702172422357766,0.5010127556797253|a|0.005519863300977077,14.865388958041072,4.183953389914093,0.0003966264479232636|
10.3786126567476,24.99312584038654|12.07648821406792,26.650841359365558|9.507280977457519,24.142403865675462,0.02565042814923757,0.010101141086186708|a|1.5262210579892386,16.350120839182743,6.284529485111852,0.09395843392717879|
A|4|True
-4.923794026538895,150.07149797729105|-17.58859858207849,146.96303601074217|-4.508396003778261,150.1734536726252,11.12842876417804,-0.334089431532445|a|-2.1856875537201774,150.74354149709376,4.393775221492348,-0.2121980546971599|
2.57439471800797,151.91186072653173|-23.553852495354928,145.4989182796781|0.017710536002978627,151.2843456705048,20.07904290306203,0.0023506107698317152|a|1.06087442819832,151.54038083232243,9.402464851599035,0.09950514807548134|
23.491189890009892,157.04569930802185|-33.82065817486886,142.9790234930856|15.38941232325162,155.05719113031836,15.60183204654669,1.548480432362742|a|-17.50585332507628,146.98334508722067,17.95406514257556,-1.5367507441137631|
ACDC|2|True
-0.03844877879278933,8.690438772682493|-0.5857358619097103,8.412000074386597|0.03987433239187321,8.730286570661827,0.5090934731821832,0.0023252114582832852|a|-0.3800884823351499,8.51662558162604,0.5669544529771597,-0.03547858721029762|
-0.7191255125743634,8.344136531023423|-1.2283723702709695,8.085051241890032|-1.0235522246687707,8.189255884180243,1.7150407567433295,-0.2143581549763686|a|-0.5755783137742857,8.417167845686073,1.282181973230287,-0.04879008251422978|
-2.3008012817106893,7.539440502430343|-1.063585289719254,8.168888594570614|-2.5705841536383494,7.402185314066948,7.137240217975711,-2.4785756944199555|a|0.9837423816556968,9.210490469323837,5.765312719014161,0.03679681746161845|
ACHC|3|True
2.6311298108843424,72.19057347032556|0.38201593208428386,71.44639902750652|2.0832764775511747,72.00930276948525,7.282056898201674,0.21067469425133084|a|-0.6611438207497523,71.10124405996406,2.720592813628045,-0.06358460478164207|
-6.102302450234663,69.30090338822036|8.800780369071449,74.23195354885526|-0.11393096120437887,71.28230284435645,7.944087261522483,-0.012697085552538024|a|-0.8287916814687795,71.04577365692384,5.7803317655938145,-0.07613606347384295|
-15.835750326893669,66.08035363367196|-1.552908539922795,70.80618184934343|-14.536369498079836,66.51028562306868,14.060793280679292,-3.0731019217451676|a|8.279011167892499,74.05931342234702,9.136106885192888,0.7257695583960174|
